        TIME,    TIDE,      OB,   SURGE,    BIAS,     TWL,SURGE90p,  TWL90p,SURGE10p,   TWL10p
202604010000,   0.869,9999.000,  -0.400,9999.000,   0.469,  -0.600,   0.269,  -0.300,   0.569
202604010006,   0.998,9999.000,9999.000,9999.000,9999.000,9999.000,9999.000,9999.000,9999.000
202604010012,   1.132,9999.000,9999.000,9999.000,9999.000,9999.000,9999.000,9999.000,9999.000
202604010018,   1.272,9999.000,9999.000,9999.000,9999.000,9999.000,9999.000,9999.000,9999.000
202604010024,   1.416,9999.000,9999.000,9999.000,9999.000,9999.000,9999.000,9999.000,9999.000
202604010030,   1.565,9999.000,9999.000,9999.000,9999.000,9999.000,9999.000,9999.000,9999.000
202604010036,   1.716,9999.000,9999.000,9999.000,9999.000,9999.000,9999.000,9999.000,9999.000
202604010042,   1.869,9999.000,9999.000,9999.000,9999.000,9999.000,9999.000,9999.000,9999.000
202604010048,   2.024,   1.590,9999.000,9999.000,9999.000,9999.000,9999.000,9999.000,9999.000
202604010054,   2.181,9999.000,9999.000,9999.000,9999.000,9999.000,9999.000,9999.000,9999.000
202604010100,   2.338,   1.967,  -0.400,   0.029,   1.967,  -0.600,   1.767,  -0.300,   2.067
202604010106,   2.496,   2.138,9999.000,9999.000,9999.000,9999.000,9999.000,9999.000,9999.000
202604010112,   2.655,   2.309,9999.000,9999.000,9999.000,9999.000,9999.000,9999.000,9999.000
202604010118,   2.814,   2.499,9999.000,9999.000,9999.000,9999.000,9999.000,9999.000,9999.000
202604010124,   2.972,   2.669,9999.000,9999.000,9999.000,9999.000,9999.000,9999.000,9999.000
202604010130,   3.131,   2.820,9999.000,9999.000,9999.000,9999.000,9999.000,9999.000,9999.000
202604010136,   3.290,   2.988,9999.000,9999.000,9999.000,9999.000,9999.000,9999.000,9999.000
202604010142,   3.448,   3.138,9999.000,9999.000,9999.000,9999.000,9999.000,9999.000,9999.000
202604010148,   3.605,   3.279,9999.000,9999.000,9999.000,9999.000,9999.000,9999.000,9999.000
202604010154,   3.763,   3.417,9999.000,9999.000,9999.000,9999.000,9999.000,9999.000,9999.000
202604010200,   3.919,   3.568,  -0.400,   0.049,   3.568,  -0.600,   3.368,  -0.300,   3.668
202604010206,   4.074,   3.670,9999.000,9999.000,9999.000,9999.000,9999.000,9999.000,9999.000
202604010212,   4.228,   3.837,9999.000,9999.000,9999.000,9999.000,9999.000,9999.000,9999.000
202604010218,   4.379,   4.017,9999.000,9999.000,9999.000,9999.000,9999.000,9999.000,9999.000
202604010224,   4.529,   4.149,9999.000,9999.000,9999.000,9999.000,9999.000,9999.000,9999.000
202604010230,   4.676,   4.267,9999.000,9999.000,9999.000,9999.000,9999.000,9999.000,9999.000
202604010236,   4.820,   4.408,9999.000,9999.000,9999.000,9999.000,9999.000,9999.000,9999.000
202604010242,   4.959,   4.549,9999.000,9999.000,9999.000,9999.000,9999.000,9999.000,9999.000
202604010248,   5.094,   4.677,9999.000,9999.000,9999.000,9999.000,9999.000,9999.000,9999.000
202604010254,   5.224,   4.798,9999.000,9999.000,9999.000,9999.000,9999.000,9999.000,9999.000
202604010300,   5.348,   4.929,  -0.400,  -0.019,   4.929,  -0.600,   4.729,  -0.300,   5.029
202604010306,   5.465,   5.047,9999.000,9999.000,9999.000,9999.000,9999.000,9999.000,9999.000
202604010312,   5.575,   5.139,9999.000,9999.000,9999.000,9999.000,9999.000,9999.000,9999.000
202604010318,   5.677,   5.218,9999.000,9999.000,9999.000,9999.000,9999.000,9999.000,9999.000
202604010324,   5.770,   5.307,9999.000,9999.000,9999.000,9999.000,9999.000,9999.000,9999.000
202604010330,   5.855,   5.398,9999.000,9999.000,9999.000,9999.000,9999.000,9999.000,9999.000
202604010336,   5.930,   5.467,9999.000,9999.000,9999.000,9999.000,9999.000,9999.000,9999.000
202604010342,   5.995,   5.549,9999.000,9999.000,9999.000,9999.000,9999.000,9999.000,9999.000
202604010348,   6.050,   5.598,9999.000,9999.000,9999.000,9999.000,9999.000,9999.000,9999.000
202604010354,   6.095,   5.657,9999.000,9999.000,9999.000,9999.000,9999.000,9999.000,9999.000
202604010400,   6.130,   5.717,  -0.400,  -0.013,   5.717,  -0.500,   5.617,  -0.200,   5.917
202604010406,   6.154,   5.759,9999.000,9999.000,9999.000,9999.000,9999.000,9999.000,9999.000
202604010412,   6.168,   5.808,9999.000,9999.000,9999.000,9999.000,9999.000,9999.000,9999.000
202604010418,   6.173,   5.828,9999.000,9999.000,9999.000,9999.000,9999.000,9999.000,9999.000
202604010424,   6.167,   5.867,9999.000,9999.000,9999.000,9999.000,9999.000,9999.000,9999.000
202604010430,   6.153,   5.887,9999.000,9999.000,9999.000,9999.000,9999.000,9999.000,9999.000
202604010436,   6.129,   5.887,9999.000,9999.000,9999.000,9999.000,9999.000,9999.000,9999.000
202604010442,   6.097,   5.907,9999.000,9999.000,9999.000,9999.000,9999.000,9999.000,9999.000
202604010448,   6.058,   5.897,9999.000,9999.000,9999.000,9999.000,9999.000,9999.000,9999.000
202604010454,   6.011,   5.867,9999.000,9999.000,9999.000,9999.000,9999.000,9999.000,9999.000
202604010500,   5.957,   5.848,  -0.300,   0.191,   5.848,  -0.500,   5.648,  -0.200,   5.948
202604010506,   5.897,   5.808,9999.000,9999.000,9999.000,9999.000,9999.000,9999.000,9999.000
202604010512,   5.831,   5.749,9999.000,9999.000,9999.000,9999.000,9999.000,9999.000,9999.000
202604010518,   5.761,   5.687,9999.000,9999.000,9999.000,9999.000,9999.000,9999.000,9999.000
202604010524,   5.686,   5.608,9999.000,9999.000,9999.000,9999.000,9999.000,9999.000,9999.000
202604010530,   5.606,   5.497,9999.000,9999.000,9999.000,9999.000,9999.000,9999.000,9999.000
202604010536,   5.523,   5.398,9999.000,9999.000,9999.000,9999.000,9999.000,9999.000,9999.000
202604010542,   5.437,   5.297,9999.000,9999.000,9999.000,9999.000,9999.000,9999.000,9999.000
202604010548,   5.347,   5.179,9999.000,9999.000,9999.000,9999.000,9999.000,9999.000,9999.000
202604010554,   5.256,   5.057,9999.000,9999.000,9999.000,9999.000,9999.000,9999.000,9999.000
202604010600,   5.162,   4.939,  -0.300,   0.077,   4.939,  -0.500,   4.739,  -0.200,   5.039
202604010606,   5.065,   4.837,9999.000,9999.000,9999.000,9999.000,9999.000,9999.000,9999.000
202604010612,   4.967,   4.719,9999.000,9999.000,9999.000,9999.000,9999.000,9999.000,9999.000
202604010618,   4.868,   4.608,9999.000,9999.000,9999.000,9999.000,9999.000,9999.000,9999.000
202604010624,   4.767,   4.500,9999.000,9999.000,9999.000,9999.000,9999.000,9999.000,9999.000
202604010630,   4.665,   4.388,9999.000,9999.000,9999.000,9999.000,9999.000,9999.000,9999.000
202604010636,   4.562,   4.267,9999.000,9999.000,9999.000,9999.000,9999.000,9999.000,9999.000
202604010642,   4.459,   4.159,9999.000,9999.000,9999.000,9999.000,9999.000,9999.000,9999.000
202604010648,   4.354,   4.047,9999.000,9999.000,9999.000,9999.000,9999.000,9999.000,9999.000
202604010654,   4.250,   3.939,9999.000,9999.000,9999.000,9999.000,9999.000,9999.000,9999.000
202604010700,   4.144,   3.827,  -0.300,  -0.017,   3.827,  -0.500,   3.627,  -0.200,   3.927
202604010706,   4.039,   3.709,9999.000,9999.000,9999.000,9999.000,9999.000,9999.000,9999.000
202604010712,   3.934,   3.598,9999.000,9999.000,9999.000,9999.000,9999.000,9999.000,9999.000
202604010718,   3.828,   3.499,9999.000,9999.000,9999.000,9999.000,9999.000,9999.000,9999.000
202604010724,   3.723,   3.398,9999.000,9999.000,9999.000,9999.000,9999.000,9999.000,9999.000
202604010730,   3.618,   3.289,9999.000,9999.000,9999.000,9999.000,9999.000,9999.000,9999.000
202604010736,   3.513,   3.188,9999.000,9999.000,9999.000,9999.000,9999.000,9999.000,9999.000
202604010742,   3.409,   3.099,9999.000,9999.000,9999.000,9999.000,9999.000,9999.000,9999.000
202604010748,   3.304,   3.017,9999.000,9999.000,9999.000,9999.000,9999.000,9999.000,9999.000
202604010754,   3.200,   2.938,9999.000,9999.000,9999.000,9999.000,9999.000,9999.000,9999.000
202604010800,   3.096,   2.830,  -0.300,   0.034,   2.830,  -0.500,   2.630,  -0.200,   2.930
202604010806,   2.992,   2.728,9999.000,9999.000,9999.000,9999.000,9999.000,9999.000,9999.000
202604010812,   2.887,   2.650,9999.000,9999.000,9999.000,9999.000,9999.000,9999.000,9999.000
202604010818,   2.783,   2.558,9999.000,9999.000,9999.000,9999.000,9999.000,9999.000,9999.000
202604010824,   2.677,   2.459,9999.000,9999.000,9999.000,9999.000,9999.000,9999.000,9999.000
202604010830,   2.571,   2.368,9999.000,9999.000,9999.000,9999.000,9999.000,9999.000,9999.000
202604010836,   2.464,   2.269,9999.000,9999.000,9999.000,9999.000,9999.000,9999.000,9999.000
202604010842,   2.356,   2.200,9999.000,9999.000,9999.000,9999.000,9999.000,9999.000,9999.000
202604010848,   2.246,   2.109,9999.000,9999.000,9999.000,9999.000,9999.000,9999.000,9999.000
202604010854,   2.135,   2.010,9999.000,9999.000,9999.000,9999.000,9999.000,9999.000,9999.000
202604010900,   2.022,   1.908,  -0.400,   0.286,   1.908,  -0.600,   1.708,  -0.200,   2.108
202604010906,   1.908,   1.840,9999.000,9999.000,9999.000,9999.000,9999.000,9999.000,9999.000
202604010912,   1.792,   1.748,9999.000,9999.000,9999.000,9999.000,9999.000,9999.000,9999.000
202604010918,   1.674,   1.649,9999.000,9999.000,9999.000,9999.000,9999.000,9999.000,9999.000
202604010924,   1.556,   1.557,9999.000,9999.000,9999.000,9999.000,9999.000,9999.000,9999.000
202604010930,   1.437,   1.469,9999.000,9999.000,9999.000,9999.000,9999.000,9999.000,9999.000
202604010936,   1.317,   1.380,9999.000,9999.000,9999.000,9999.000,9999.000,9999.000,9999.000
202604010942,   1.198,   1.308,9999.000,9999.000,9999.000,9999.000,9999.000,9999.000,9999.000
202604010948,   1.079,   1.210,9999.000,9999.000,9999.000,9999.000,9999.000,9999.000,9999.000
202604010954,   0.962,   1.128,9999.000,9999.000,9999.000,9999.000,9999.000,9999.000,9999.000
202604011000,   0.847,   1.059,  -0.400,   0.612,   1.059,  -0.700,   0.759,  -0.300,   1.159
202604011006,   0.736,   0.970,9999.000,9999.000,9999.000,9999.000,9999.000,9999.000,9999.000
202604011012,   0.629,   0.888,9999.000,9999.000,9999.000,9999.000,9999.000,9999.000,9999.000
202604011018,   0.528,   0.810,9999.000,9999.000,9999.000,9999.000,9999.000,9999.000,9999.000
202604011024,   0.432,   0.718,9999.000,9999.000,9999.000,9999.000,9999.000,9999.000,9999.000
202604011030,   0.345,   0.669,9999.000,9999.000,9999.000,9999.000,9999.000,9999.000,9999.000
202604011036,   0.265,   0.570,9999.000,9999.000,9999.000,9999.000,9999.000,9999.000,9999.000
202604011042,   0.195,   0.498,9999.000,9999.000,9999.000,9999.000,9999.000,9999.000,9999.000
202604011048,   0.136,   0.409,9999.000,9999.000,9999.000,9999.000,9999.000,9999.000,9999.000
202604011054,   0.087,   0.341,9999.000,9999.000,9999.000,9999.000,9999.000,9999.000,9999.000
202604011100,   0.051,   0.268,  -0.500,   0.717,   0.268,  -0.800,  -0.032,  -0.300,   0.468
202604011106,   0.027,   0.200,9999.000,9999.000,9999.000,9999.000,9999.000,9999.000,9999.000
202604011112,   0.015,   0.121,9999.000,9999.000,9999.000,9999.000,9999.000,9999.000,9999.000
202604011118,   0.017,   0.049,9999.000,9999.000,9999.000,9999.000,9999.000,9999.000,9999.000
202604011124,   0.033,  -0.029,9999.000,9999.000,9999.000,9999.000,9999.000,9999.000,9999.000
202604011130,   0.061,  -0.098,9999.000,9999.000,9999.000,9999.000,9999.000,9999.000,9999.000
202604011136,   0.103,  -0.150,9999.000,9999.000,9999.000,9999.000,9999.000,9999.000,9999.000
202604011142,   0.158,  -0.209,9999.000,9999.000,9999.000,9999.000,9999.000,9999.000,9999.000
202604011148,   0.226,  -0.278,9999.000,9999.000,9999.000,9999.000,9999.000,9999.000,9999.000
202604011154,   0.305,  -0.350,9999.000,9999.000,9999.000,9999.000,9999.000,9999.000,9999.000
202604011200,   0.396,  -0.370,  -0.500,  -0.266,  -0.370,  -0.700,  -0.570,  -0.300,  -0.170
202604011206,   0.496,  -0.360,9999.000,9999.000,9999.000,9999.000,9999.000,9999.000,9999.000
202604011212,   0.607,  -0.350,9999.000,9999.000,9999.000,9999.000,9999.000,9999.000,9999.000
202604011218,   0.726,  -0.331,9999.000,9999.000,9999.000,9999.000,9999.000,9999.000,9999.000
202604011224,   0.853,  -0.278,9999.000,9999.000,9999.000,9999.000,9999.000,9999.000,9999.000
202604011230,   0.986,  -0.160,9999.000,9999.000,9999.000,9999.000,9999.000,9999.000,9999.000
202604011236,   1.126,  -0.029,9999.000,9999.000,9999.000,9999.000,9999.000,9999.000,9999.000
202604011242,   1.270,   0.150,9999.000,9999.000,9999.000,9999.000,9999.000,9999.000,9999.000
202604011248,   1.418,   0.341,9999.000,9999.000,9999.000,9999.000,9999.000,9999.000,9999.000
202604011254,   1.569,   0.551,9999.000,9999.000,9999.000,9999.000,9999.000,9999.000,9999.000
202604011300,   1.723,   0.770,  -0.500,  -0.453,   0.770,  -0.700,   0.570,  -0.300,   0.970
202604011306,   1.878,   0.980,9999.000,9999.000,9999.000,9999.000,9999.000,9999.000,9999.000
202604011312,   2.035,   1.180,9999.000,9999.000,9999.000,9999.000,9999.000,9999.000,9999.000
202604011318,   2.192,   1.371,9999.000,9999.000,9999.000,9999.000,9999.000,9999.000,9999.000
202604011324,   2.349,   1.538,9999.000,9999.000,9999.000,9999.000,9999.000,9999.000,9999.000
202604011330,   2.507,   1.718,9999.000,9999.000,9999.000,9999.000,9999.000,9999.000,9999.000
202604011336,   2.664,   1.889,9999.000,9999.000,9999.000,9999.000,9999.000,9999.000,9999.000
202604011342,   2.820,   2.069,9999.000,9999.000,9999.000,9999.000,9999.000,9999.000,9999.000
202604011348,   2.976,   2.240,9999.000,9999.000,9999.000,9999.000,9999.000,9999.000,9999.000
202604011354,   3.131,   2.400,9999.000,9999.000,9999.000,9999.000,9999.000,9999.000,9999.000
202604011400,   3.285,   2.568,  -0.500,  -0.217,   2.568,  -0.700,   2.368,  -0.300,   2.768
202604011406,   3.438,   2.699,9999.000,9999.000,9999.000,9999.000,9999.000,9999.000,9999.000
202604011412,   3.590,   2.860,9999.000,9999.000,9999.000,9999.000,9999.000,9999.000,9999.000
202604011418,   3.741,   2.997,9999.000,9999.000,9999.000,9999.000,9999.000,9999.000,9999.000
202604011424,   3.890,   3.158,9999.000,9999.000,9999.000,9999.000,9999.000,9999.000,9999.000
202604011430,   4.038,   3.299,9999.000,9999.000,9999.000,9999.000,9999.000,9999.000,9999.000
202604011436,   4.184,   3.440,9999.000,9999.000,9999.000,9999.000,9999.000,9999.000,9999.000
202604011442,   4.327,   3.578,9999.000,9999.000,9999.000,9999.000,9999.000,9999.000,9999.000
202604011448,   4.468,   3.719,9999.000,9999.000,9999.000,9999.000,9999.000,9999.000,9999.000
202604011454,   4.606,   3.847,9999.000,9999.000,9999.000,9999.000,9999.000,9999.000,9999.000
202604011500,   4.741,   3.988,  -0.500,  -0.253,   3.988,  -0.700,   3.788,  -0.400,   4.088
202604011506,   4.871,   4.099,9999.000,9999.000,9999.000,9999.000,9999.000,9999.000,9999.000
202604011512,   4.997,   4.237,9999.000,9999.000,9999.000,9999.000,9999.000,9999.000,9999.000
202604011518,   5.117,   4.378,9999.000,9999.000,9999.000,9999.000,9999.000,9999.000,9999.000
202604011524,   5.232,   4.500,9999.000,9999.000,9999.000,9999.000,9999.000,9999.000,9999.000
202604011530,   5.340,   4.618,9999.000,9999.000,9999.000,9999.000,9999.000,9999.000,9999.000
202604011536,   5.441,   4.729,9999.000,9999.000,9999.000,9999.000,9999.000,9999.000,9999.000
202604011542,   5.534,   4.808,9999.000,9999.000,9999.000,9999.000,9999.000,9999.000,9999.000
202604011548,   5.620,   4.877,9999.000,9999.000,9999.000,9999.000,9999.000,9999.000,9999.000
202604011554,   5.696,   4.998,9999.000,9999.000,9999.000,9999.000,9999.000,9999.000,9999.000
202604011600,   5.764,   5.097,  -0.500,  -0.167,   5.097,  -0.600,   4.997,  -0.400,   5.197
202604011606,   5.822,   5.179,9999.000,9999.000,9999.000,9999.000,9999.000,9999.000,9999.000
202604011612,   5.871,   5.218,9999.000,9999.000,9999.000,9999.000,9999.000,9999.000,9999.000
202604011618,   5.910,   5.297,9999.000,9999.000,9999.000,9999.000,9999.000,9999.000,9999.000
202604011624,   5.940,   5.349,9999.000,9999.000,9999.000,9999.000,9999.000,9999.000,9999.000
202604011630,   5.959,   5.418,9999.000,9999.000,9999.000,9999.000,9999.000,9999.000,9999.000
202604011636,   5.969,   5.448,9999.000,9999.000,9999.000,9999.000,9999.000,9999.000,9999.000
202604011642,   5.970,   5.507,9999.000,9999.000,9999.000,9999.000,9999.000,9999.000,9999.000
202604011648,   5.962,   5.539,9999.000,9999.000,9999.000,9999.000,9999.000,9999.000,9999.000
202604011654,   5.945,   5.549,9999.000,9999.000,9999.000,9999.000,9999.000,9999.000,9999.000
202604011700,   5.920,   5.589,  -0.500,   0.169,   5.589,  -0.600,   5.489,  -0.400,   5.689
202604011706,   5.888,   5.589,9999.000,9999.000,9999.000,9999.000,9999.000,9999.000,9999.000
202604011712,   5.848,   5.608,9999.000,9999.000,9999.000,9999.000,9999.000,9999.000,9999.000
202604011718,   5.801,   5.589,9999.000,9999.000,9999.000,9999.000,9999.000,9999.000,9999.000
202604011724,   5.749,   5.569,9999.000,9999.000,9999.000,9999.000,9999.000,9999.000,9999.000
202604011730,   5.691,   5.530,9999.000,9999.000,9999.000,9999.000,9999.000,9999.000,9999.000
202604011736,   5.627,   5.477,9999.000,9999.000,9999.000,9999.000,9999.000,9999.000,9999.000
202604011742,   5.560,   5.418,9999.000,9999.000,9999.000,9999.000,9999.000,9999.000,9999.000
202604011748,   5.488,   5.339,9999.000,9999.000,9999.000,9999.000,9999.000,9999.000,9999.000
202604011754,   5.413,   5.247,9999.000,9999.000,9999.000,9999.000,9999.000,9999.000,9999.000
202604011800,   5.335,   5.149,  -0.500,   0.314,   5.149,  -0.600,   5.049,  -0.400,   5.249
202604011806,   5.254,   5.038,9999.000,9999.000,9999.000,9999.000,9999.000,9999.000,9999.000
202604011812,   5.171,   4.910,9999.000,9999.000,9999.000,9999.000,9999.000,9999.000,9999.000
202604011818,   5.085,   4.808,9999.000,9999.000,9999.000,9999.000,9999.000,9999.000,9999.000
202604011824,   4.998,   4.690,9999.000,9999.000,9999.000,9999.000,9999.000,9999.000,9999.000
202604011830,   4.909,   4.578,9999.000,9999.000,9999.000,9999.000,9999.000,9999.000,9999.000
202604011836,   4.819,   4.467,9999.000,9999.000,9999.000,9999.000,9999.000,9999.000,9999.000
202604011842,   4.727,   4.349,9999.000,9999.000,9999.000,9999.000,9999.000,9999.000,9999.000
202604011848,   4.635,   4.237,9999.000,9999.000,9999.000,9999.000,9999.000,9999.000,9999.000
202604011854,   4.541,   4.119,9999.000,9999.000,9999.000,9999.000,9999.000,9999.000,9999.000
202604011900,   4.447,   4.017,  -0.500,   0.070,   4.017,  -0.600,   3.917,  -0.400,   4.117
202604011906,   4.352,   3.909,9999.000,9999.000,9999.000,9999.000,9999.000,9999.000,9999.000
202604011912,   4.257,   3.798,9999.000,9999.000,9999.000,9999.000,9999.000,9999.000,9999.000
202604011918,   4.161,   3.680,9999.000,9999.000,9999.000,9999.000,9999.000,9999.000,9999.000
202604011924,   4.065,   3.578,9999.000,9999.000,9999.000,9999.000,9999.000,9999.000,9999.000
202604011930,   3.969,   3.470,9999.000,9999.000,9999.000,9999.000,9999.000,9999.000,9999.000
202604011936,   3.873,   3.358,9999.000,9999.000,9999.000,9999.000,9999.000,9999.000,9999.000
202604011942,   3.777,   3.260,9999.000,9999.000,9999.000,9999.000,9999.000,9999.000,9999.000
202604011948,   3.681,   3.158,9999.000,9999.000,9999.000,9999.000,9999.000,9999.000,9999.000
202604011954,   3.585,   3.040,9999.000,9999.000,9999.000,9999.000,9999.000,9999.000,9999.000
202604012000,   3.489,   2.948,  -0.500,  -0.041,   2.948,  -0.600,   2.848,  -0.400,   3.048
202604012006,   3.393,   2.860,9999.000,9999.000,9999.000,9999.000,9999.000,9999.000,9999.000
202604012012,   3.297,   2.758,9999.000,9999.000,9999.000,9999.000,9999.000,9999.000,9999.000
202604012018,   3.202,   2.660,9999.000,9999.000,9999.000,9999.000,9999.000,9999.000,9999.000
202604012024,   3.106,   2.568,9999.000,9999.000,9999.000,9999.000,9999.000,9999.000,9999.000
202604012030,   3.010,   2.479,9999.000,9999.000,9999.000,9999.000,9999.000,9999.000,9999.000
202604012036,   2.914,   2.377,9999.000,9999.000,9999.000,9999.000,9999.000,9999.000,9999.000
202604012042,   2.817,   2.289,9999.000,9999.000,9999.000,9999.000,9999.000,9999.000,9999.000
202604012048,   2.720,   2.210,9999.000,9999.000,9999.000,9999.000,9999.000,9999.000,9999.000
202604012054,   2.622,   2.109,9999.000,9999.000,9999.000,9999.000,9999.000,9999.000,9999.000
202604012100,   2.522,   2.020,  -0.400,  -0.102,   2.020,  -0.600,   1.820,  -0.300,   2.120
202604012106,   2.421,   1.938,9999.000,9999.000,9999.000,9999.000,9999.000,9999.000,9999.000
202604012112,   2.319,   1.859,9999.000,9999.000,9999.000,9999.000,9999.000,9999.000,9999.000
202604012118,   2.214,   1.767,9999.000,9999.000,9999.000,9999.000,9999.000,9999.000,9999.000
202604012124,   2.108,   1.679,9999.000,9999.000,9999.000,9999.000,9999.000,9999.000,9999.000
202604012130,   2.001,   1.600,9999.000,9999.000,9999.000,9999.000,9999.000,9999.000,9999.000
202604012136,   1.891,   1.508,9999.000,9999.000,9999.000,9999.000,9999.000,9999.000,9999.000
202604012142,   1.780,   1.430,9999.000,9999.000,9999.000,9999.000,9999.000,9999.000,9999.000
202604012148,   1.668,   1.338,9999.000,9999.000,9999.000,9999.000,9999.000,9999.000,9999.000
202604012154,   1.554,   1.259,9999.000,9999.000,9999.000,9999.000,9999.000,9999.000,9999.000
202604012200,   1.440,   1.180,  -0.400,   0.140,   1.180,  -0.500,   1.080,  -0.300,   1.280
202604012206,   1.326,   1.098,9999.000,9999.000,9999.000,9999.000,9999.000,9999.000,9999.000
202604012212,   1.212,   1.010,9999.000,9999.000,9999.000,9999.000,9999.000,9999.000,9999.000
202604012218,   1.100,   0.928,9999.000,9999.000,9999.000,9999.000,9999.000,9999.000,9999.000
202604012224,   0.990,   0.849,9999.000,9999.000,9999.000,9999.000,9999.000,9999.000,9999.000
202604012230,   0.883,   0.770,9999.000,9999.000,9999.000,9999.000,9999.000,9999.000,9999.000
202604012236,   0.780,   0.698,9999.000,9999.000,9999.000,9999.000,9999.000,9999.000,9999.000
202604012242,   0.682,   0.619,9999.000,9999.000,9999.000,9999.000,9999.000,9999.000,9999.000
202604012248,   0.591,   0.541,9999.000,9999.000,9999.000,9999.000,9999.000,9999.000,9999.000
202604012254,   0.506,   0.469,9999.000,9999.000,9999.000,9999.000,9999.000,9999.000,9999.000
202604012300,   0.430,   0.400,  -0.400,   0.370,   0.400,  -0.500,   0.300,  -0.200,   0.600
202604012306,   0.363,   0.321,9999.000,9999.000,9999.000,9999.000,9999.000,9999.000,9999.000
202604012312,   0.306,   0.259,9999.000,9999.000,9999.000,9999.000,9999.000,9999.000,9999.000
202604012318,   0.261,   0.200,9999.000,9999.000,9999.000,9999.000,9999.000,9999.000,9999.000
202604012324,   0.227,   0.131,9999.000,9999.000,9999.000,9999.000,9999.000,9999.000,9999.000
202604012330,   0.206,   0.078,9999.000,9999.000,9999.000,9999.000,9999.000,9999.000,9999.000
202604012336,   0.197,   0.039,9999.000,9999.000,9999.000,9999.000,9999.000,9999.000,9999.000
202604012342,   0.202,  -0.078,9999.000,9999.000,9999.000,9999.000,9999.000,9999.000,9999.000
202604012348,   0.221,  -0.111,9999.000,9999.000,9999.000,9999.000,9999.000,9999.000,9999.000
202604012354,   0.253,  -0.141,9999.000,9999.000,9999.000,9999.000,9999.000,9999.000,9999.000
202604020000,   0.298,  -0.160,  -0.200,  -0.258,  -0.160,  -0.400,  -0.360,  -0.100,  -0.060
202604020006,   0.357,  -0.150,9999.000,9999.000,9999.000,9999.000,9999.000,9999.000,9999.000
202604020012,   0.428,  -0.150,9999.000,9999.000,9999.000,9999.000,9999.000,9999.000,9999.000
202604020018,   0.512,  -0.088,9999.000,9999.000,9999.000,9999.000,9999.000,9999.000,9999.000
202604020024,   0.607,   0.000,9999.000,9999.000,9999.000,9999.000,9999.000,9999.000,9999.000
202604020030,   0.713,   0.121,9999.000,9999.000,9999.000,9999.000,9999.000,9999.000,9999.000
202604020036,   0.829,   0.308,9999.000,9999.000,9999.000,9999.000,9999.000,9999.000,9999.000
202604020042,   0.953,   0.518,9999.000,9999.000,9999.000,9999.000,9999.000,9999.000,9999.000
202604020048,   1.086,   0.790,9999.000,9999.000,9999.000,9999.000,9999.000,9999.000,9999.000
